
AK47;
0;
200;
200;
75;
.15;
2;
20;
1.5;
1.5;
2.5;
1.5;
1;
1~

AWP;
0;
500;
900;
300;
2.5;
3;
3;
2.5;
14;
20;
1;
1;
0~

Shotgun;
0;
100;
150;
50;
.3;
3;
3;
1.5;
1.5;
2.5;
1.5;
1;
0~

Colt Revolver;
0;
200;
400;
130;
.6;
4;
6;
2;
20;
25;
15;
1;
0~

Charge Rifle;
0;
200;
400;
300;
.1;
2;
20;
1.3;
1.5;
2.5;
1.5;
1;
3~

Grenade Launcher;
0;
15;
15;
80;
.5;
4;
8;
1.5;
1.5;
2.5;
1.5;
1;
0~

Grenade;
300;
15;
.3~

Flash;
100;
15;
.3~

Smoke;
100;
15;
.3~

Abilities;
.15;
50;
1~

Tools;
3;
4;
200;
1000;
10;
2;
5;
3~

Player;
300;
.15~

Movement;
150;
.03;
7;
.85;
2.25;
-50;
2